0.6604909413	0.000305746693600506	0.00016098893861908617
0.5231103832	-0.00016126280427930517	0.00016105912277758472
0.3857297823	6.585954911453307e-05	0.00016129737440947534
0.248349173	-0.00023392618524997744	0.00016106562957462838
0.5916267601	0.00014660926859744183	0.0001610372353510247
0.4542461867	-7.442896985576652e-05	0.00016089994720175092
0.3168655816	5.4588168931335446e-05	0.00016107568274617554
0.1794849564	6.649289754157017e-05	0.00016109074034082802
0.6601431412	-9.433944478820511e-05	0.0001609520821391648
0.5227625831	-5.01142459783388e-05	0.00016106564451733133
0.3853819822	7.870776823959424e-05	0.0001612926413520438
0.2480013729	-0.00016106464791387776	0.00016107178759237778
0.5912789661	-3.034835669746272e-05	0.00016101565519497355
0.4538983866	1.8132905505341412e-05	0.00016090372486214427
0.3165177815	-2.1553896622950042e-05	0.00016106449833974172
0.1791371568	4.0869086203487726e-05	0.00016108182727512968
0.659795342	-0.00025080833216584164	0.00016094014123469713
0.5224147835	3.004475841572596e-05	0.00016108003785040285
0.3850341877	0.00030281884833605055	0.00016132188779823748
0.2476535733	-0.0001195480445526087	0.0001610732380504152
0.5909311725	0.0001451557851809282	0.00016103653555952545
0.4535505869	2.5527233364019963e-05	0.0001609081811837392
0.3161699814	0.00021277662957741583	0.00016108992419644336
0.1787893567	-0.0002965184415930633	0.00016107041129934945
0.6594475419	-5.6002389337783676e-05	0.00016096166949405367
0.5220669839	6.580734133532218e-05	0.0001610861006033924
0.3846863941	-8.755950094818665e-05	0.00016129887130824985
0.2473057727	0.00015613786002521834	0.00016109966657077958
0.5905833724	-0.00017633739321865072	0.00016100496583766193
0.4532027869	0.00026073653838565303	0.00016091874406585311
0.3158221818	0.0002646755533273204	0.00016108587731744094
0.1784415566	-0.0003254182034004849	0.00016104207512092347
0.6590997423	-0.00019280110907526904	0.00016094831336096918
0.5217191838	0.00039385928971158446	0.000161107870281022
0.3843385945	-0.0002260570135670381	0.00016130093399714754
0.2469579731	-0.0002466859270381372	0.0001610614390354497
0.5902355732	-8.063142303471604e-05	0.00016101153338779484
0.4528549872	0.0001237261851131377	0.00016090276712837613
0.3154743817	0.00015810275167416066	0.00016107919496327893
0.1780937565	2.4654152419367747e-05	0.0001610689783792583
0.6587519431	9.739292323729387e-05	0.0001609710637741172
0.5213713897	-0.00018009629106818803	0.00016106484127460544
0.3839907944	9.54235711089213e-05	0.0001613209747532865
0.2466101735	-0.00012458143511429043	0.000161061922781924
0.5898877732	-0.00035144060673453215	0.00016098311430215765
0.4525071876	0.000413270187546777	0.0001609258857137915
0.315126582	7.473544182778902e-05	0.00016106653343549848
0.1777459569	-5.071614752782949e-05	0.00016105711970078207
0.6584041431	-9.82265317472919e-05	0.00016095902576576885
0.5210235957	-4.735216311957391e-05	0.00016107411055951275
0.3836429943	0.00011916213510310136	0.00016131994334145656
0.2462623729	-0.00018933461249404093	0.00016104653979851972
0.5895399735	9.627694430325295e-05	0.00016101656065783932
0.4521593875	0.00017972421041390074	0.00016091663509901666
0.314778788	0.00016378607783162913	0.00016107517982566488
0.1773981685	-9.8326387049541e-05	0.0001610582614710005
0.6580563434	-4.9295613736566324e-05	0.0001609510214612378
0.5206757965	1.3306851947558762e-05	0.00016108147621240584
0.3832951947	-0.00011304483528740139	0.000161298558547583
0.2459145733	-0.00014047618123436134	0.00016104747438688916
0.5891921734	1.229306632144489e-05	0.00016100610274326525
0.4518115879	0.00020112668456373495	0.0001609157610645438
0.314430994	0.00021994929029656163	0.00016107350980563103
0.1770503684	6.306270976308426e-05	0.00016106951396469466
0.6577085438	-0.000403321582695626	0.00016091550658113292
0.5203279965	-6.933514560314435e-05	0.00016106541540399964
0.3829473951	0.00021564096109039088	0.00016131946938643108
0.2455667849	-9.793660269186155e-05	0.00016104531005975295
0.5888443743	0.00023589688354574978	0.00016099184299577955
0.4514637878	4.2946403674748446e-05	0.00016087404186000516
0.3140831939	-0.0003253459673010495	0.000161003021540876
0.1767025688	-1.2722812621546176e-05	0.00016104152416965544
0.6573607498	3.3931467794179326e-05	0.0001609400111728262
0.5199801964	-7.762923646315034e-05	0.00016105191499327784
0.382599595	0.00024924416753124845	0.00016131663865322015
0.2452189852	-0.00023109600194548552	0.00016102558540057515
0.5884965747	6.927829601732771e-05	0.00016097999459511732
0.4511159938	0.00022579207052264572	0.0001608805378008901
0.3137353938	-0.0003918981988597636	0.00016099582214049152
0.1763547687	6.931556662537197e-05	0.00016104667265132646
0.6570129558	0.00022043889890599466	0.00016096026132507752
0.5196323972	-0.00017979599169082316	0.00016104905690629564
0.3822517949	-0.00019231594028423782	0.00016128257838550464
0.2448711847	0.00022060817264568655	0.0001610624794051374
0.5881487746	0.00017492566965526812	0.00016099017821501966
0.4507681997	-0.00017313577988853357	0.0001608456062578541
0.3133875942	6.0676181152352626e-05	0.00016103611427024125
0.1760069686	-5.293949844498158e-05	0.00016104066009772614
0.6566651561	8.194263809646607e-05	0.00016094796353339585
0.5192845971	-0.0001431935013123109	0.00016105131999056256
0.3819039953	0.00023419802091761976	0.00016132976881281562
0.2445233851	-0.00020415044832378104	0.0001610296546258989
0.587800975	-5.7304040966155156e-05	0.00016097187688506222
0.4504204001	2.6868403605551094e-05	0.00016085971878690067
0.3130397941	0.00010032523249425829	0.00016104287801578065
0.1756591685	0.00010227936852613695	0.00016105827499091565
0.6563173565	-0.00028038618211978505	0.00016092207921533612
0.518936797	2.0725437927193724e-05	0.00016106004234739011
0.3815561952	6.827517938190475e-05	0.0001613301887332806
0.2441755855	-0.0001014351689027082	0.00016103686579936675
0.5874531749	-0.000393522042863359	0.00016094920205147678
0.4500726005	0.0005104525585015729	0.00016090335481706348
0.312691994	5.75416650119287e-05	0.0001610495534743775
0.1753113689	0.00022484118170362777	0.0001610752785083917
0.6559695569	-0.00019191704712107072	0.00016092880140424756
0.5185889979	-0.00014503997404002877	0.00016104548249972465
0.3812083956	0.00011079156725879447	0.0001613433915803127
0.2438277854	2.1173164337584538e-05	0.00016104694875898468
0.5871053813	-0.0003021187637357592	0.00016094032848679252
0.4497248004	0.000382378280496809	0.0001608813746775593
0.3123441939	-0.00013735243311974177	0.0001610201358868699
0.1749635688	-0.00013947092650767878	0.0001610322839336918
0.6556217568	5.340144796162072e-05	0.0001609570641133001
0.5182411978	0.00024742632647167806	0.00016108051731454252
0.380860596	8.072843135320529e-05	0.00016135628500293863
0.2434799853	3.4892405953446115e-06	0.00016105266895627255
0.5867575868	-0.0001051785694279328	0.00016094873019947974
0.4493770013	0.00021393853493956172	0.0001608645932608347
0.3119963948	-9.174224222596727e-05	0.00016102159785795378
0.1746157687	-0.00015056031376803336	0.00016103037628261422
0.6552739576	-0.00029074104332860173	0.00016091822604897402
0.5178933977	9.641112218439218e-05	0.0001610508524951123
0.3805128019	0.0003932216801636468	0.00016137578270462201
0.2431321852	-0.00031606793835137204	0.00016101621931576142
0.5864097876	5.365187921291259e-05	0.00016094623081766424
0.4490292007	0.0002855214057496669	0.00016085985252803733
0.3116485951	-0.00032149758336197376	0.00016101076082900608
0.1742679691	6.211760519958531e-05	0.00016105170715610974
0.5175455981	-2.6243777049295147e-05	0.0001610241724872335
0.3801650074	0.00016315891275520134	0.00016133625882756698
0.242784386	-0.0002453461885411068	0.00016104327215679087
0.586061988	-0.00025426638741588015	0.0001609174506547551
0.4486814011	0.0001943018375089034	0.00016085507697838987
0.3113007946	1.3191460789929721e-05	0.00016103533770698682
0.1739201685	0.00014779892143557127	0.00016105763351750835
0.6545783579	2.8098745477489473e-05	0.00016093676787388723
0.5171977985	-1.4556141181287785e-07	0.00016104300777581556
0.3798172073	-6.762603267507217e-05	0.0001613656206419674
0.2424365859	-5.094487447676599e-05	0.00016103689598081193
0.5857141879	0.0001900757317361279	0.0001609596070019549
0.4483336015	3.629812091465734e-05	0.00016084878367507056
0.310952995	-0.00012017402971120639	0.00016101773445881482
0.1735723685	6.423444009806545e-06	0.00016104145424735588
0.6542305578	2.893599728270857e-05	0.0001609314652121118
0.5168500105	-0.00013587134012016389	0.00016103697436951227
0.3794694082	-4.0877572053177325e-05	0.00016137878002769687
0.2420887859	6.783560112255671e-05	0.0001610457235459808
0.5853663883	-0.00016639805200047153	0.00016092723237209292
0.4479858014	-8.891508190267405e-05	0.00016083516102373803
0.3106051949	6.180834592872664e-05	0.0001610338621650955
0.1732245744	0.00016971686025124555	0.00016105524213167393
0.6538827587	0.00042365633450036633	0.00016096385137953826
0.5165022104	-0.0001443871553779008	0.00016103900209199262
0.3791216081	-8.353242097702829e-05	0.00016139666687963608
0.2417409862	-0.0001608964755412945	0.00016102961205746442
0.5850185887	-9.90129251809968e-05	0.00016093420726297076
0.4476380018	4.9723730283446343e-05	0.00016085063346289846
0.3102574009	1.0759473224597471e-05	0.00016103059078050193
0.1728767804	-1.4067866388023376e-05	0.0001610448594657244
0.6535349591	5.7141381137659764e-05	0.00016093547806131709
0.5161544108	1.8765892907279813e-05	0.0001610565224041097
0.378773808	0.00010158170628649099	0.00016143221860773376
0.2413931917	-0.00019574745549100214	0.00016103193369857973
0.5846707891	-0.00015599462695792266	0.00016093312199692505
0.4472902017	0.00024684765293192523	0.0001608721605586516
0.3099096064	1.679168178747581e-05	0.00016103826294789353
0.1725289803	4.918314719271066e-06	0.00016106158918740497
0.653187159	-3.8904593295363554e-05	0.0001609321790202187
0.5158066112	-3.633737149177918e-05	0.00016105005168475103
0.3784260084	5.901477691139245e-05	0.00016145114599042153
0.2410453977	8.74854855910101e-05	0.00016106168722370838
0.584322989	-0.00022234468610982105	0.00016092273492813018
0.4469424076	7.086949487233873e-05	0.0001608531417192857
0.3095618067	-0.00013404386146442793	0.00016102365414222953
0.1721811802	0.0001654489956541827	0.00016110241267339404
0.6528393654	-6.127523384780176e-05	0.00016092985854979224
0.5154588111	-7.81769189557302e-05	0.0001610443182194854
0.3780782083	0.00023493390610596077	0.00016148282731240745
0.2406975976	4.6160482683133e-05	0.00016106614405451345
0.5839751894	0.00013577661894326187	0.00016094581957632847
0.4465946136	0.00019063132065955113	0.00016086026942262782
0.3092140071	-0.00046675052456424115	0.00016099569790568473
0.1718333806	0.00017223624085827005	0.00016119214717530002
0.6524915714	0.0002707837099452659	0.00016094586604614171
0.515111011	-0.00025289846384257686	0.00016102843582596315
0.3777304087	-5.7691659140712837e-05	0.00016145766115602963
0.240349798	4.47230845390667e-06	0.00016107285023952528
0.5836273897	-0.0002624619253712712	0.00016091357439392245
0.446246814	1.3039573477979793e-05	0.0001608476768694682
0.308866207	-0.00013377041588591432	0.00016102933673695639
0.1714855805	6.598838433324872e-05	0.00016108123672462288
0.6521437718	0.0001244301930858338	0.00016093896653884517
0.5147632118	-1.494861796691449e-05	0.00016104515920629416
0.3773826091	3.840983904690454e-05	0.00016149428414506605
0.2400019979	0.0001443820138644636	0.00016119686163463152
0.5832795901	-0.00018880859459269317	0.00016091475439955648
0.4458990144	-1.9717509539662892e-05	0.00016084334219030374
0.3085184074	-0.00014232153002380343	0.00016104521300240533
0.1711377804	8.549439583971363e-05	0.00016108432676201318
0.6517959717	0.00013920271938316908	0.0001609436507561348
0.5144154117	-0.00013589793286228335	0.00016103696489169807
0.377034809	1.9802094396226266e-05	0.00016152175602738512
0.2396541978	0.0001060829407726338	0.00016109602988564979
0.58293179	-0.00023363017066646563	0.00016091562062211842
0.4455512147	0.00046153475205901184	0.0001608893106403179
0.3081706073	-0.00020939562295141378	0.00016115220059506396
0.1707899808	-1.636769893131884e-05	0.00016108378993089434
0.6514481725	1.8305683544550533e-06	0.00016093617046532464
0.5140676117	4.572770999722309e-05	0.00016105656966493496
0.3766870089	-0.00020787363898266964	0.00016154321174519489
0.2393063982	0.00027888254397123724	0.00016111218494603848
0.5825839965	-4.381295132027674e-05	0.0001609280321634682
0.4452034147	3.259579819347991e-05	0.00016085966528078073
0.3078228077	-8.083578901252331e-05	0.00016106501599184387
0.1704421807	0.00018296469007461624	0.00016109936951007854
0.6511003724	-9.061962265077828e-05	0.00016092783854746007
0.5137198125	-0.0001303728063191123	0.0001610475499007028
0.3763392088	0.0001565751042751362	0.00016168992351458736
0.2389585981	-0.0002455976309551078	0.00016106959367210107
0.5822362024	0.00023472836486160276	0.0001609521061413364
0.4448556146	5.418425983405584e-05	0.00016087945702641525
0.3074750076	-0.0001740364381519477	0.0001610536196606725
0.1700943811	7.420849056383183e-05	0.00016109174511261734
0.6507525728	0.0002149225555869716	0.00016094957409805937
0.5133720068	-6.0740172817985716e-05	0.00016105811529244207
0.3759914148	-2.7005592837525683e-06	0.00016160930861083928
0.238610798	-0.0003114846365304125	0.00016106752178060544
0.5818884023	7.258077920646588e-05	0.00016094502025208523
0.4445078149	0.0002280419195606065	0.00016097687091967631
0.3071272075	-0.00014807664819382893	0.00016106329005245192
0.1697465805	7.59717962486306e-05	0.00016109067111553244
0.6504047732	0.0001822210218838105	0.00016094894552148284
0.5130242012	-9.48651437882031e-06	0.00016106738805704834
0.3756436212	-0.00011845573715862923	0.00016162409689641388
0.2382629984	-1.2914188895818413e-05	0.00016108795115711054
0.5815406027	-9.834108324147106e-05	0.00016092379014985632
0.4441600153	0.00012788855186884884	0.00016088720073260333
0.3067794079	-0.0001059464745828409	0.0001610619473725445
0.1693987809	-7.395632589235479e-05	0.00016107220344350505
0.6500569736	-7.121845677304783e-06	0.00016093527028179872
0.5126764071	-0.00015234099111061106	0.00016111927924975265
0.3752958211	0.00020843215565991002	0.00016167910937423628
0.2379151983	-4.7868812159013174e-05	0.0001610830025140881
0.5811928031	1.6922243166295203e-05	0.00016094233519195527
0.4438122152	0.00012079579898205406	0.0001608801591748337
0.3064316073	-0.00017445811572913694	0.00016105490979420297
0.1690509925	-4.753913408617194e-05	0.00016107361595641822
0.6497091735	4.637429224918499e-05	0.0001609504172520155
0.5123286131	9.223042030104267e-06	0.00016107433915237278
0.3749480215	-0.0001952955368275111	0.00016168371800928915
0.2375673982	4.695921732511543e-05	0.000161093538240459
0.5808450035	0.0001935985596756007	0.00016102014515979402
0.4434644156	0.00016181620245869777	0.0001608991955961547
0.3060838077	-2.6840724266508076e-05	0.0001610763911504559
0.1687031919	-9.038150399653944e-05	0.00016107380056537573
0.6493613743	0.0001251887596322998	0.0001609705425463626
0.5119808135	-0.00010453747516514511	0.00016106353997444442
0.3746002214	-0.00015497122080354586	0.00016173742275699178
0.2372195981	-4.7756673910992475e-06	0.00016109356041199097
0.5804972034	2.958978973588433e-05	0.00016095439020545745
0.4431166155	0.000209836662681262	0.00016090719497350618
0.3057360193	7.099572224911199e-05	0.000161080621277154
0.1683553918	-0.00027179592311787903	0.00016105743556786903
0.6490135742	0.0001141738488161792	0.00016100324330154024
0.5116330134	-0.00030262353305332557	0.00016104269203323318
0.3742524213	0.00012216289563593552	0.00016179286576426525
0.2368718102	0.00014507446117972833	0.00016110984114568015
0.5801494038	-6.331171757656406e-05	0.00016094204899817685
0.4427688159	3.22224227766732e-05	0.00016090054512254677
0.3053882201	9.214714497618459e-05	0.00016108162289372882
0.1680075922	-8.889534768319329e-05	0.0001610721361307693
0.6486657807	-1.877066947386652e-05	0.00016097034338235835
0.5112852138	-4.7619948999377826e-05	0.00016107075150009403
0.3739046217	-1.8800798617379932e-05	0.00016182384122934637
0.2365240101	8.026637946900728e-05	0.00016110231568651964
0.5798016042	0.00013494741263309074	0.00016095706052222125
0.4424210219	-0.00010996417075348486	0.00016088984977186388
0.30504042	-0.00021252876754040972	0.00016105868850328564
0.1676597926	4.6382236267294985e-06	0.00016107687889830286
0.6483179806	9.871719602805307e-05	0.00016100539782354123
0.5109374146	-0.00012215376508750708	0.00016106787104575807
0.3735568221	8.975321614901333e-05	0.00016188988530357448
0.23617621	6.623870185218372e-05	0.00016110461829528538
0.5794538045	-8.031594313362422e-05	0.00016094364891951698
0.4420732278	0.00021231732616822097	0.00016092377418595372
0.3046926199	-0.00022260999014001026	0.00016106229106118208
0.167311992	1.072862176676459e-05	0.0001610786380537697
0.647970187	0.00020698107311201142	0.0001611126076116856
0.510589614	-8.288453654392569e-05	0.00016109645689332212
0.3732090225	-4.2230903762874306e-05	0.00016196894296455178
0.2358284104	0.00023498246254183286	0.00016113028215573226
0.5791060044	-5.593344173937531e-05	0.00016094023987186658
0.4417254282	0.00032352712219585467	0.00016093046504482174
0.3043448203	-0.0002654692051616836	0.00016105740081105946
0.1669641924	-0.00010340676987574682	0.0001610785664063198
0.6476223869	0.00016265552651284487	0.0001613054070997394
0.5102418144	-2.489370260438939e-05	0.00016108420466052716
0.3728612219	6.216508185985514e-05	0.00016203865324811544
0.2354806103	-0.00026024318111228517	0.00016107324151506434
0.5787582053	8.566502643103657e-05	0.00016094601063404155
0.4413776281	0.0002259902202172981	0.00016091505648966494
0.3039970198	-0.00018179387585215423	0.0001610593170099236
0.1666163923	-0.0001292626490664306	0.00016106047861690027
0.6472745873	-9.051762824174858e-06	0.000161566465653814
0.5098940148	6.228373039540713e-09	0.00016108394758442376
0.3725134223	-0.0001484582293100889	0.00016210107952323392
0.2351328102	0.00010187483366519423	0.00016111927467554624
0.5784104052	1.5025762002629506e-05	0.00016093734737364989
0.4410298285	0.00015894085596845908	0.00016090840155768839
0.3036492201	-2.6175175565468223e-05	0.00016106729510562124
0.1662685927	-0.00017346277647922737	0.00016128480773343958
0.6469267881	0.0001892129254177366	0.00016188089216381403
0.5095462147	5.620886614077225e-05	0.0001610864502335255
0.3721656227	-0.00018843702697923792	0.000162165517403788
0.2347850101	2.628737449783536e-05	0.00016110746820189884
0.5780626168	-0.0002539783134622997	0.00016091596937171075
0.4406820284	0.00016185933709367273	0.00016091191620434743
0.3033014205	-0.00020561482094993977	0.00016106640089412355
0.1659207926	0.00010343859867867344	0.00016211144054671501
0.6465789881	2.1488813826353592e-05	0.0001621077022387374
0.5091984151	-0.00024787007626370094	0.00016106347051153127
0.3718178226	0.0001622267472157768	0.00016226625547329074
0.2344372105	0.0002699000193207013	0.00016134950836959385
0.5777148171	-0.00024157639320177005	0.00016090898180096287
0.4403342288	0.00015446835292065586	0.0001609009492171246
0.3029536204	-7.678361390739408e-05	0.00016110018261097263
0.6462311889	0.00026675749330618004	0.00016235274426920523
0.5088506155	-8.780153095289123e-05	0.00016107746166442848
0.3714700341	-9.38917986286203e-05	0.0001623276778907098
0.2340894104	0.00018032346982543856	0.00016204640685368117
0.5773670175	-0.00011708824611544877	0.00016092725016149064
0.4399864292	0.00017811100095899146	0.0001609140065676892
0.3026058204	-1.2909170421515626e-07	0.00016118833162066375
0.1652251813	-0.0002172088148552076	0.00016259598763886164
0.6458833884	7.744871802717324e-05	0.000162569507257879
0.5085028159	1.7924567401017555e-05	0.00016108000422235025
0.3711222345	-0.0002197515149793272	0.00016238345224452906
0.2337416103	0.00023324548174197268	0.00016334390769232973
0.5770192179	-0.00021064383632296568	0.00016091763484301554
0.4396386291	0.00024606984613528837	0.00016092634254955617
0.3022580203	-0.00010967469413203368	0.00016181398077884566
0.1648773868	-0.00018743793066611225	0.00016259911790802715
0.6455355892	0.0002619198105703324	0.00016278265329412357
0.5081550214	0.00014892463980231696	0.00016109282627369827
0.3707744344	-0.00012421188830802343	0.00016252897682961776
0.2333938107	-9.50424104716463e-05	0.00016275120367732838
0.5766714178	7.875220288733331e-05	0.00016094438880645654
0.439290829	0.00033689042140827574	0.00016093463642952478
0.3019102211	-0.00027441506245196035	0.00016306108302091693
0.1645295927	-0.00010537793651099747	0.00016317847177383448
0.6451877896	-0.0001503683309322934	0.00016293673134629892
0.5078072278	-1.5161033436350557e-05	0.00016106622136221682
0.3704266343	-2.1220099620911093e-05	0.00016313828388418735
0.2330460106	0.00019069819092232265	0.00016262277575163173
0.5763236186	6.0851947654372296e-05	0.00016093561851978703
0.4389430294	0.0002598806097710016	0.00016095939705485461
0.3015624327	-0.00020749768018757386	0.0001626785457721148
0.1641817931	-0.0001933643803688767	0.00016263101857678756
0.64483999	-4.936269309552266e-05	0.00016309118034972037
0.5074594277	-0.0003513549353575396	0.00016103609763790474
0.3700788352	-0.00011313815417490769	0.00016439666291308231
0.2326982222	0.00034040609621366347	0.0001632406205585067
0.5759758186	-0.00033625858598840264	0.00016091097758938713
0.4385952298	0.0001631739442043978	0.00016141572724027157
0.3012146326	0.0001558020815486394	0.00016245256610031275
0.1638339926	0.00017012715114617105	0.00016155583310333038
0.6444921899	-8.264716153250085e-05	0.0001632797672182837
0.5071116285	-1.662234723542877e-05	0.0001610848256609273
0.3697310351	4.1432726171297674e-05	0.00016424231980421137
0.2323504221	5.149744728139005e-05	0.00016280493468155666
0.5756280185	3.3003651145335766e-08	0.00016093823914354344
0.4382474297	0.00021522031617304815	0.00016251654385735257
0.300866833	0.00025054725601147965	0.00016308160521988506
0.1634861925	-0.0004092404084327095	0.00016107015312436657
0.6441443963	-5.864228104390801e-05	0.00016342127663295734
0.5067638285	-0.0001601102635707674	0.00016146440526725142
0.3693832355	0.0002457313601430533	0.000164045699259603
0.2320026224	1.907797043454451e-05	0.00016167513069685662
0.5752802193	-0.0003795602717908686	0.00016090663699328586
0.4378996352	0.0002937782351192242	0.00016233494505266797
0.3005190329	-0.0003092788016985093	0.00016266240579358973
0.1631383924	0.00017544445850159462	0.00016107620746645289
0.6437966023	0.00016846092070621488	0.00016357825637803368
0.5064160284	-0.00015050398816174315	0.0001624583861586561
0.3690354349	5.15196487149705e-06	0.00016473578854735353
0.2316548228	0.0002139624866661638	0.00016124380669599994
0.5749324192	-0.00030247824377727106	0.00016124046240867463
0.4375518421	6.77322297747418e-05	0.00016202434641835841
0.3001712328	-8.604907608933399e-05	0.00016155810934520424
0.1627905928	0.0003133967704933571	0.00016109084043859168
0.6434488022	-8.629417479588675e-06	0.00016364204035961233
0.5060682292	-0.00011964293323540875	0.0001622552882520259
0.3686876353	-0.00021440079723233918	0.00016444844360473948
0.2313070223	0.0002920049628772903	0.00016120883991590718
0.5745846196	-0.00035009397921448304	0.00016211410782061345
0.437204042	0.00011906491590629731	0.0001626789130256602
0.2998234327	0.00031687498219601373	0.0001611360433954537
0.1624427927	-3.875642445860805e-06	0.00016106419558300358
0.6431010026	9.091283015005835e-05	0.00016399693683667575
0.5057204287	-0.00038475524585723786	0.00016200865065939054
0.3683398361	0.00013243265479745414	0.00016349593313281445
0.2309592227	4.4154052500799956e-05	0.00016120159131003845
0.5742368195	-0.00015278042273336734	0.00016182701954487008
0.4368562419	0.0003152573835997208	0.000162267863527522
0.2994756331	-3.2887820638483056e-05	0.00016106934108270568
0.1620949926	-0.0002471949020625974	0.00016104582590401487
0.6427532034	-2.531819041573513e-05	0.00016482912284308847
0.505372629	-5.2636030356545405e-06	0.0001627014405654193
0.3679920356	5.068534506103006e-06	0.00016321030178664714
0.2306114226	7.154478153148514e-05	0.0001612415120102596
0.573889026	-7.874235412363983e-05	0.00016175660250884646
0.4365084418	0.000183330211655508	0.00016126195327560225
0.299127833	-0.00020412415810344697	0.00016106872167021891
0.161747193	0.00020623921739038042	0.00016109941401454535
0.6424054033	-0.00034256319594683227	0.00016435546583375412
0.5050248299	-8.03571503456002e-05	0.0001621615654422492
0.367644236	0.0001744138841895948	0.00016338252982771155
0.2302636225	0.00021281138688611367	0.00016128203004893782
0.5735412319	-7.908018830871111e-05	0.00016234405039147767
0.4361606427	8.24918312752887e-05	0.000160948998281389
0.2987800329	-0.0001702338576012874	0.0001610757376398657
0.1613993929	8.252939217268107e-05	0.00016109129658524
0.6420576037	5.548095735641301e-05	0.00016460941878317559
0.5046770298	6.82186245506422e-05	0.0001613580693896785
0.3672964359	4.3474767555173877e-05	0.0001635707595343389
0.2299158229	0.00014071784168878665	0.0001613066457369829
0.5731934318	-0.00025620548638283225	0.00016161802644993817
0.4358128426	0.00017386204102654013	0.00016094390218957498
0.2984322333	-0.00023003530391851879	0.00016107969518331337
0.1610515928	-9.043899619198825e-05	0.0001610840945377933
0.6417098036	1.9442175871464684e-05	0.00016498868267539725
0.5043292297	-4.797865508754384e-05	0.00016117258576541765
0.3669486479	6.39614792046217e-05	0.0001637344460362655
0.2295680228	0.0003138779220197563	0.00016134385770306042
0.5728456327	-0.00013947940323810748	0.00016099650949117405
0.4354650425	7.325124781609738e-05	0.00016093772494701577
0.2980844337	-0.0001691740882859838	0.00016108244037166348
0.1607037932	-3.7498602602603626e-05	0.0001610892549921868
0.6413620044	0.00019971611123803523	0.00016430534937583033
0.5039814361	0.00017900536621751062	0.00016119835825036845
0.3666008473	-0.00014490185159232727	0.00016385666526028434
0.2292202231	-4.283906002933158e-05	0.0001613208035031265
0.5724978326	-0.00023733317742269389	0.00016091290214547194
0.4351172433	0.00010147040409691499	0.0001609430276878264
0.2977366336	7.184284804540031e-05	0.00016110263042128724
0.1603560047	-4.042937326653728e-05	0.0001610896542653737
0.6410142044	-5.631329729660628e-05	0.00016402577859230924
0.5036336421	2.2331163585742608e-05	0.00016119395685058513
0.3662530482	-0.00030254987100197805	0.00016394074356591962
0.2288724226	0.0004760440497106888	0.00016137358453461315
0.572150033	-8.277026210834482e-05	0.00016092147315248438
0.4347694432	-0.00024777829868138923	0.00016091783479725577
0.2973888339	4.345305849784431e-05	0.0001611045216379435
0.1600082046	-2.5150043722388382e-05	0.00016109380173225
0.6406664047	-7.114712011391244e-05	0.0001640110492681129
0.503285842	9.295541048004452e-05	0.0001612123807310816
0.3659052486	-0.00018330873330951736	0.0001640005571469234
0.2285246286	0.00029444270871248346	0.00016137917261293698
0.5718022329	-0.00014261970113738087	0.0001609262756798333
0.4344216431	0.0001995169282605902	0.0001609644683301207
0.2970410455	0.00012954505936835226	0.00016112030390317512
0.1596604045	-6.296391204108076e-05	0.00016109695964872743
0.6403186051	-4.753857703088116e-05	0.00016410002017890713
0.5029380424	0.0001907196266011102	0.00016122919377119355
0.365557448	-0.00015743150277636175	0.0001640414788431584
0.2281768345	4.401015693811239e-05	0.00016136137160700605
0.5714544337	-0.00028872691486336866	0.00016090067618152972
0.4340738435	4.179150501593121e-05	0.00016094413939423663
0.2966932454	0.00012069989192375896	0.0001611070212032421
0.1593126045	-5.512749007730022e-06	0.00016108518167091675
0.6399708055	0.00015274671349763125	0.0001641948265924295
0.5025902428	2.1398280909856737e-05	0.00016121634490289828
0.3652096484	-0.00012490749267513035	0.00016406332463991786
0.2278290349	0.00010124540836697893	0.0001613716091104715
0.571106622	6.300173117956831e-05	0.00016092094348583443
0.4337260439	3.50546966366716e-05	0.00016094254763096468
0.2963454453	-5.5898718046343276e-05	0.00016108676010496783
0.1589648044	-5.018892072172765e-05	0.00016107034009718205
0.639623011	-0.0001666261647038647	0.0001642010853955596
0.5022424427	7.171405415018484e-05	0.00016121169661837556
0.3648618483	-0.0002295198725178471	0.00016406991222350906
0.2274812344	4.78913416480653e-05	0.00016134489495379857
0.5707588219	0.00022505238218173407	0.00016093709775250143
0.4333782555	0.00032394433660443145	0.00016097251301146006
0.2959976457	-8.677647062238503e-05	0.00016108365715905177
0.1586170043	-0.00017277561136064268	0.00016105773517509196
0.6392752174	-7.655004531603726e-05	0.00016423520308963605
0.5018946431	-0.0002524908709682361	0.00016118639219315492
0.3645140487	7.75214246422351e-05	0.0001640940792812668
0.2271334347	0.00011935480734359682	0.00016134530706484902
0.5704110228	-9.958782520902432e-05	0.0001608955991176451
0.4330304554	0.00013698552183527557	0.0001609465976996843
0.2956498456	-0.0001942829612908703	0.00016105878162903605
0.1582692047	7.716250515954481e-05	0.00016106992140782418
0.6389274178	6.298423574202516e-05	0.0001643063493515969
0.501546843	-1.4826039972715144e-05	0.0001611990416659677
0.3641662491	1.8227142021265408e-05	0.00016408444672975198
0.2267856351	1.569784734856139e-05	0.00016134163658345065
0.5700632231	6.854441546200185e-05	0.00016090573006674258
0.4326826558	0.00015105754916444614	0.00016094428586502807
0.2953020455	-0.00021413144856352595	0.00016104840085310405
0.1579214046	6.378412880203577e-06	0.00016106103667374186
0.6385796182	7.672769239941424e-05	0.00016434415897655766
0.5011990434	-0.00033164175535926876	0.0001611679473920269
0.363818449	-2.1081878330608816e-05	0.0001640212195231621
0.2264378346	0.00014965425868906923	0.00016133860518667434
0.569715423	0.00015956507277969934	0.00016090278317521805
0.4323348561	-0.00010190172384971774	0.00016091872727270402
0.2949542459	-0.00012465281622675572	0.00016105414630916573
0.1575736045	0.00010268101687405107	0.0001610702117571011
0.6382318181	-9.797192301597146e-05	0.0001643646787453475
0.5008512437	3.010226839017527e-06	0.00016118822592123418
0.3634706493	-0.00017654954326140615	0.00016402276579990257
0.2260900349	0.0004532125724074909	0.00016138488154904962
0.5693676351	3.2962719995421885e-05	0.0001608850837033875
0.431987056	0.0001350283773455807	0.0001609296745350101
0.2946064458	2.9175934517011726e-05	0.00016106079097008233
0.1572258044	-0.00014580398575192444	0.00016104314113593875
0.6378840189	4.2490830555852455e-05	0.00016448420733001162
0.5005034436	-8.409510548779142e-05	0.00016113462576122239
0.3631228493	-0.00011851783872462995	0.0001639611961795182
0.2257422348	0.00016603198791498297	0.00016129895379000524
0.5690198354	5.477945168474996e-06	0.00016082623068804368
0.431639256	-0.0002537316503652409	0.00016083137787479735
0.2942586462	7.23793535963857e-05	0.00016101713170819484
0.1568780048	-8.048806001381692e-05	0.0001610034580289205
0.500155644	0.00013989431583460998	0.00016104619892585208
0.3627750548	-7.609546246778454e-05	0.00016402972689187267
0.2253944352	4.083001075572135e-06	0.0001611418096971204
0.5686720358	-0.0004765513720861314	0.0001607649526680052
0.4312914563	0.0003625825448175801	0.0001608497301859256
0.2939108461	-0.00027277556875171527	0.00016097234304421684
0.1565302107	0.0003818884399731104	0.00016102072844289368
0.4998078444	-0.0002385071394613858	0.0001610127781096889
0.3624272607	0.0001760608719275636	0.00016400060801062059
0.2250466351	0.0001427081912359629	0.00016114474380094667
0.5683242353	-7.736457911600159e-05	0.00016079290363606128
0.4309436572	0.00033465022884615614	0.0001608524451233984
0.2935630465	0.00012053788712651503	0.0001610007169697435
0.1561824162	-0.00016007119605920828	0.0001609751092955861
0.4994600499	-0.0005656307983765707	0.00016098515748443518
0.3620794616	-0.00017753401400222302	0.00016388506644614674
0.2246988351	0.0004674442353569397	0.0001611579948655393
0.5679764361	4.692879538314987e-05	0.00016079158820898163
0.4305958566	-0.00016889023684663051	0.00016080052317676087
0.2932152469	-0.0002522521903516317	0.0001609604546910826
0.1558346166	0.00031294916546087403	0.0001609979521190736
0.4991122559	8.868666999040098e-05	0.00016102801142921697
0.3617316615	-8.10685993917204e-05	0.00016382343919784883
0.224351041	0.0002006593104426635	0.0001611331702047537
0.5676286365	7.046791985254597e-05	0.00016079574599172416
0.430248057	3.195039438852465e-05	0.00016084304423130582
0.2928674519	-0.00013709135514372583	0.0001609725531466878
0.1554868165	-0.0001153724546748558	0.0001609685083913829
0.6361450199	-3.574417424068166e-05	0.00016405385552633643
0.4987644567	-0.00020460835149682666	0.00016104229471202266
0.3613838614	9.58164308926257e-05	0.0001638317454931793
0.224003247	0.00020383210897079174	0.0001612109145792462
0.5672808364	-0.00042981004199027506	0.00016077117306094983
0.4299002569	0.00040191821462598476	0.0001609073969027317
0.2925196583	-8.644052983441952e-05	0.00016099098843118785
0.155139016	-5.473319325965953e-05	0.0001609845209129098
0.6357972203	-0.0002447251729262856	0.00016369978952841962
0.4984166566	-0.00010716091652773763	0.00016103658395600734
0.3610360618	0.0002763400992112919	0.00016383326101117735
0.2236554408	7.614233172115181e-05	0.00016119229844950434
0.5669330368	-0.00010171415851856214	0.00016080765216307979
0.4295524573	0.00021508108579126883	0.0001609062816996815
0.2921718583	-8.011591976053722e-06	0.00016100241807513908
0.1547912159	7.418514459556214e-05	0.00016100029315134734
0.6354494211	0.00012951889858947574	0.00016352575281198178
0.4980688565	-0.00023070959083748566	0.00016100568262165943
0.3606882617	0.00021603100190814573	0.00016382565817350562
0.2233076356	-9.31372964929622e-06	0.00016115154274902983
0.5665852372	-6.397784911982285e-05	0.0001607853735476506
0.4292046577	4.7547333018926885e-05	0.00016087461212606222
0.2918240582	-0.0002616659710501512	0.00016095416012863384
0.1544434163	6.506066376332775e-05	0.000160972351024681
0.6351016327	0.00018516244505839552	0.00016327287610144557
0.4977210574	-0.00024040800674263174	0.00016097905477905906
0.3603404616	-1.046917393632274e-05	0.00016371328844777574
0.2229598355	0.00011975577591216702	0.00016111871229534266
0.5662374375	-6.656332384546992e-05	0.0001607819122731132
0.4288568692	0.00022752744692555726	0.00016088866929641731
0.2914762581	-6.66024160741463e-05	0.00016095436955366758
0.1540956162	-0.00013970151927833463	0.00016094439740637086
0.6347538331	0.00014091339863742114	0.00016309587877091984
0.4973732573	0.0001278594740823369	0.00016099698141148824
0.3599926624	-0.0002233645507104809	0.00016370647539829292
0.2226120355	0.0001603074341235411	0.00016108444289905785
0.7032701974	-0.0004371987999636229	0.00016081815503733572
0.5658896375	5.19743729804345e-05	0.000160794883282845
0.4285090696	2.8289093339850524e-05	0.0001608779659435602
0.2911284585	5.531049355067541e-05	0.00016092179221254127
0.1537478161	7.250508658318555e-05	0.00016092440591801224
0.634406033	-5.539702186618811e-05	0.00016296988448587962
0.4970254572	-3.210077161075464e-05	0.0001609816234354096
0.3596448624	0.00024051960393611793	0.00016367993649179434
0.2222642354	0.0002115392118607895	0.00016106142970705894
0.7029223982	-0.0003569785853292373	0.00016081229366320837
0.5655418378	-0.00011780890411949851	0.00016077548705733562
0.4281612695	4.808594629246432e-05	0.00016087193787160952
0.2907806588	8.919264428941531e-05	0.00016091380448769125
0.1534000165	0.00015062101496621239	0.00016092116707030327
0.6340582338	0.00016466237701884268	0.00016284918385891796
0.4966776581	-0.00018220142210700896	0.00016095191436248736
0.3592970623	-0.0003347117677861	0.0001635298070071426
0.2219164358	0.00014887947684461	0.00016103141796683455
0.7025745986	-0.0004585457145224181	0.00016080195839851937
0.5651940438	-6.003061105397389e-05	0.00016077892860735677
0.4278134699	0.00044263106189446066	0.000160902582699751
0.2904328583	-0.00018385786514973912	0.00016089093242957738
0.1530522164	0.00013718582011479352	0.00016091911653584769
0.6337104337	0.00018814180751003384	0.0001627586234201161
0.496329858	-0.0002530461905061454	0.00016095926822611996
0.3589492622	0.00021071175715747792	0.00016343825579976352
0.2215686357	0.00011644726678183837	0.00016102856099586987
0.7022267985	-0.0005002299852789882	0.00016080016807443374
0.5648462502	7.492667721120672e-05	0.0001607875685819024
0.4274656698	0.00010806280060304818	0.00016088083831695184
0.2900850591	3.165661143467169e-05	0.00016091437893633076
0.1527044163	7.704790807316897e-05	0.00016092197612626767
0.6333626341	0.00024394749311462682	0.00016267603438475508
0.4959820579	0.0002814349295652274	0.00016101127669103786
0.3586014626	-1.8647660452009163e-05	0.0001632729542750225
0.2212208356	-9.155552371176157e-05	0.00016101116915972477
0.7018789994	-0.0002909828139352477	0.00016081428135485641
0.5644984501	-6.152845968598886e-05	0.00016076946278665953
0.4271178702	0.00017727075605600273	0.0001608841993729677
0.289737259	-0.00021678763805710322	0.0001608933572394093
0.1523566167	7.585042123825492e-05	0.00016091957590327638
0.6330148345	0.00021834400027642697	0.00016256255401911264
0.4956342583	-0.00015607274768936197	0.00016095796316022335
0.3582536741	9.599708232432835e-05	0.0001630869177687773
0.220873036	6.274608975265217e-05	0.0001610003674256464
0.7015311993	-0.00018961346976908988	0.0001608185909999896
0.5641506505	-2.349036716087216e-05	0.00016076506901742664
0.4267700706	-0.00019406680435429813	0.00016085559174065296
0.2893894594	1.2931825430162469e-05	0.00016090922949589466
0.1520088282	0.00022665334972371554	0.00016092624938005638
0.6326670349	0.00024139708714288055	0.0001624714334958048
0.4952864642	-0.00018334000570019438	0.00016099171879441763
0.3579058745	-9.319942379193424e-05	0.00016288813452939557
0.2205252359	5.0300135629455234e-05	0.00016098332300525678
0.7011834108	-0.00018086142664663907	0.0001608174941874434
0.5638028509	-0.00014342423335778065	0.0001607512547879998
0.4264222705	1.0303227459096398e-05	0.00016087572637213518
0.2890416593	-9.216017753965744e-05	0.0001609020421242266
0.1516610286	0.00027577409081935844	0.00016093295733347917
0.6323192348	0.000364400651865715	0.00016241789601854678
0.4949386646	-0.00016045071908254993	0.00016100048175924676
0.3575580749	-0.00017331195671044242	0.00016269786297059923
0.2201774358	0.0002192647261476388	0.0001609996782674127
0.7008356112	-0.0004246930492889378	0.0001607992868578805
0.5634550508	-0.00010107907298306795	0.0001607546232319789
0.4260744709	-7.287436348124565e-05	0.0001608750856566554
0.2886938648	-5.404714512680098e-05	0.00016091052881690861
0.1513132276	0.0004959240050750324	0.0001609505821015094
0.6319714356	0.0002540953035023996	0.0001623065974637359
0.4945908706	-0.00039462285154479027	0.00016098100606802413
0.3572102748	0.00020439655165516157	0.00016253907407514566
0.2198296473	0.00045042243851245445	0.00016101808602555451
0.700487812	-0.0004667564672856672	0.00016080648968992987
0.5631072512	7.4342868167098786e-06	0.00016077093754680665
0.4257266703	-0.00018648172062618595	0.00016087948370508868
0.2883460713	-0.00031258482682883226	0.00016088932232807417
0.150965428	0.00020580849250306787	0.00016093283301863988
0.6316236355	0.0004263010353141583	0.00016222607987904068
0.4942430709	-0.0002703405768128553	0.0001609746251865783
0.3568624747	0.0001607316995089203	0.0001622894268354761
0.2194818477	0.00011158137834188508	0.0001609697713637082
0.7001400124	-0.00027366022773667176	0.00016080324520512896
0.5627594516	2.8539731736665352e-05	0.00016076614904969865
0.4253788712	-4.37401222642686e-05	0.00016087684505645164
0.2879982707	-6.358518748872388e-05	0.00016090113476449416
0.1506176279	0.000151167354310644	0.00016091824576220209
0.6312758359	0.00019967977498513978	0.0001621249711367762
0.4938952709	-0.00032670334807072265	0.0001609422708014846
0.3565146746	-7.249902133987796e-05	0.00016203009121347684
0.2191340476	0.00018778181457079768	0.0001609609303902982
0.6997922123	-0.00016097513173529698	0.00016081367383641754
0.5624116519	0.00013514888244703371	0.00016082446772898348
0.4250310715	0.000112727254142575	0.00016089236431872443
0.2876504711	-0.0003161171015128028	0.00016088830148118524
0.1502698278	0.00022739094245649571	0.00016093218498326658
0.6309280419	0.0001483937191145701	0.00016202328839641048
0.4935474712	-0.00011248506811789571	0.0001609584713892443
0.356166875	0.00019036515257275788	0.0001617821437810304
0.2187862475	-1.5833569080525578e-05	0.00016094568399139947
0.6994444127	-0.00010899732125813077	0.0001608204120347666
0.5620638519	-0.00020479526549976867	0.00016075129668298208
0.4246832714	-8.891244906239493e-05	0.00016088033120671892
0.287302671	-0.0002608191913587854	0.0001609030153627163
0.1499220282	0.00024891541020721775	0.00016094462895371346
0.6305802483	0.00012158762004343959	0.00016194971093491377
0.4931996712	-7.66276446941827e-05	0.00016097816360082605
0.3558190754	0.00024829201916221066	0.00016149410165074553
0.2184384479	9.531976458809766e-05	0.00016096459288798126
0.6990966131	-1.0996294537934936e-05	0.00016082822186561183
0.5617160522	-0.00010364175568233769	0.0001607488288408547
0.424335483	2.9531598326637543e-05	0.0001608954681824688
0.2869548714	-0.00018139080666945695	0.00016091121164225653
0.1495742281	5.242986861420107e-05	0.00016095225701866925
0.6302324482	0.000193634627622008	0.00016185838012551312
0.4928518715	-0.0001774505103140367	0.00016096115483621472
0.3554712753	-1.4268052502153239e-05	0.00016118358352484267
0.2180906478	0.00018671598121633437	0.00016096867776771692
0.6987488135	-0.00018174175108209845	0.0001608155062167754
0.5613682526	0.0003369755494951887	0.00016078764893175598
0.4239876834	-0.0002886576241419858	0.00016087981786948115
0.2866070713	-5.919155536748821e-05	0.00016092502188244984
0.1492264285	7.839944209053762e-05	0.0001609479592106248
0.6298846486	0.00017290047038975853	0.00016177852874665796
0.4925040724	-0.00015517506999429553	0.00016096463892094478
0.3551234757	2.5757122312564107e-05	0.000161012181905305
0.2177428477	6.183953920868568e-05	0.00016097702360404884
0.6984010139	-0.0002943893422490129	0.0001608082565853831
0.5610204525	0.00018871262173569825	0.00016077907046500937
0.4236398838	9.59348016815742e-06	0.0001609111529829535
0.2862592712	-3.722276231943322e-05	0.00016093489223167534
0.1488786279	5.6205853270707706e-05	0.00016094732146392762
0.629536849	0.0003300734667330829	0.00016174336553456608
0.4921562718	-0.00043666689852117635	0.0001609398247095063
0.3547756756	0.00024109105314129575	0.0001609760415506533
0.2173950481	-0.00022353131511443358	0.00016095495109868984
0.6980532142	-0.00015652283369160802	0.00016082204801967285
0.5606726645	0.00020949604400899435	0.00016078306666853745
0.4232920832	-9.219827110440448e-05	0.00016091693172523577
0.2859114716	6.1145879164392625e-06	0.0001609623304659397
0.1485308283	2.2158387789072975e-06	0.00016095624097889406
0.6291890433	0.00020641862013814904	0.00016169481991229145
0.4918084722	2.8827221395744118e-05	0.00016100128458088024
0.3544278755	-1.726730864226589e-05	0.00016096545018918498
0.217047248	0.00017610900652753614	0.00016099945362369288
0.6977054146	-0.0005564249962874968	0.0001607913824131623
0.5603248649	5.3038517520809236e-05	0.00016076826383284524
0.4229442836	0.00023158871140982473	0.00016094514142540495
0.2855636715	-0.00012690889918742787	0.00016094765448597105
0.1481830287	0.00018147437097748575	0.00016097739161163136
0.6288412376	-0.00011307889573697327	0.0001616076905584796
0.4914606726	-0.00015802547148802137	0.00016097177727152407
0.3540800759	0.00012300026576350653	0.00016097396405631117
0.2166994479	0.00022910589879532317	0.0001609975985053124
0.6973576145	-0.00020615114908240084	0.00016082171821170548
0.5599770653	7.430282786291542e-05	0.00016077083463684994
0.4225964844	-1.7532621658600256e-05	0.00016093752378463298
0.2852158719	-0.00024178530767504647	0.00016094265473391698
0.1478352398	4.786267738632333e-05	0.0001609811314726976
0.6284934385	-0.0002632731593134041	0.00016155942262392056
0.4911128725	-0.0001237690784940959	0.00016098817386738323
0.3537322879	0.00021020771216451184	0.0001609953149285925
0.2163516479	0.00039474984623211196	0.00016102862380219348
0.6970098154	-6.306035075731575e-05	0.00016083852091152933
0.5596292652	2.947699097899381e-05	0.0001607741199193346
0.4222486843	0.00021629036739390095	0.0001609729533045561
0.2848680723	6.376341134750607e-05	0.00016097673238112375
0.1474874397	-0.0002659262960696962	0.00016097405950186755
0.6281456384	-4.148625278888041e-05	0.000161546671562314
0.4907650785	-0.00028526519141991447	0.00016098481824610835
0.3533844878	0.00034842443623761543	0.0001609985505575338
0.2160038482	6.330703213719424e-05	0.00016100750448921205
0.6966620274	1.3140098032882186e-05	0.00016085012131792725
0.5592814656	6.21020869561173e-05	0.00016078193785141982
0.4219008842	-9.728430842348423e-05	0.0001609584278986384
0.2845202722	-0.0002786183854445179	0.00016095877563307562
0.1471396396	7.408914051065807e-05	0.00016102565361043433
0.6277978392	-0.00014025364846237398	0.00016151249153524192
0.4904172849	-0.00011420782930460227	0.00016101039651880404
0.3530366877	7.97472614640915e-05	0.00016099071818709182
0.2156560542	0.0002602562684503873	0.0001610349156700272
0.6963142273	0.00011560658317288919	0.00016086409556056826
0.558933666	-0.00013084931858953208	0.0001607831381750684
0.4215530842	-5.0397470583440906e-05	0.00016096936735257637
0.2841724777	1.1732372593886709e-05	0.0001609974649777394
0.14679184	-5.8053270431623893e-05	0.00016104264857528356
0.6274500387	9.060868318566673e-05	0.00016152494585514762
0.4900694848	-0.0001313488058054535	0.00016103347726743333
0.3526888881	0.00026580486095584277	0.00016102708908070394
0.2153082597	4.1695539470643084e-05	0.0001610444136944505
0.6959664277	-6.939365972691292e-05	0.00016085705169543912
0.5585858659	0.00017810351305069805	0.00016081640148477635
0.421205285	0.0001942928894049789	0.00016100015878929772
0.2838246836	-0.00018387362236504945	0.0001610014040292397
0.1464440394	-0.00026611332366999196	0.00016102603285682163
0.6271022395	3.865678166237174e-06	0.0001614868612060632
0.4897216847	-0.00040954882999588715	0.00016100923284499336
0.352341088	0.00037197677980804755	0.00016104568734889876
0.2149604601	0.0001539847596432331	0.00016106898842497674
0.6956186281	4.586655525051775e-05	0.0001608675985650935
0.5582380663	-0.00018640531483082867	0.0001607925517503428
0.4208574849	-1.4848583108073576e-05	0.00016099046257230746
0.283476884	-1.7715782362426324e-05	0.00016102525742558491
0.1460962398	8.473242813722415e-05	0.000161065852561029
0.6267544399	0.00010978998900890158	0.00016147819025530527
0.4893738856	-0.0002124728866212955	0.00016103654510836186
0.3519932879	0.00018026705667040233	0.00016104853225195178
0.21461266	3.7862849510572616e-05	0.00016105500743495191
0.6952708284	-3.952212282287704e-05	0.00016086165353302586
0.5578902666	0.00010820464016969567	0.00016081742095499512
0.4205096848	-0.00010254364390471782	0.00016098931935197287
0.2831290839	-6.447786349406126e-05	0.00016103354884764478
0.1457484402	4.901124448486449e-05	0.00016102192896563802
0.6264066459	-0.00025672232829576647	0.00016143321820590338
0.4890260855	-0.00025375805522487305	0.00016102837174821217
0.3516454888	0.00023294924708161524	0.00016106724336219054
0.2142648599	9.148679687376315e-05	0.00016105082171393053
0.6949230283	0.00035106053243461055	0.00016090222708964503
0.5575424666	8.40019612194931e-05	0.00016082115975178256
0.4201618969	0.00011733007487435554	0.00016101907555633057
0.2827812838	-0.00012407257607816025	0.00016102793960031802
0.1454006401	-0.00022757567739706275	0.00016100179475264117
0.6260588518	-0.00025249957637929477	0.0001614093800247383
0.4886782859	-1.9750799060136437e-05	0.00016105338908969878
0.3512976887	0.00027175781626165296	0.0001610888086287606
0.2139170598	5.487698681250208e-05	0.00016104278193183872
0.6945752292	-2.8255746312932928e-05	0.00016086557372478816
0.5571946669	0.0001690227424926416	0.00016082665917195374
0.4198140972	5.496837633345297e-05	0.00016102517427562087
0.2824334837	-0.00022232005509270625	0.00016101087071803606
0.14505284	-8.827644193809547e-05	0.00016101294434964024
0.6257110522	-0.00017462472591978084	0.00016138859003367968
0.4883304858	-6.962176798752662e-05	0.00016104668246778
0.350949889	6.251082949693121e-05	0.0001610648634606139
0.2135692602	-1.2372703724117251e-05	0.0001610397539482199
0.6942274296	0.00017932135950782246	0.00016090903073460845
0.5568468673	0.0002527742442841596	0.00016082665034201603
0.4194662971	-7.973388708404361e-05	0.00016103555139420324
0.1447050399	-0.00012669284023103522	0.00016103396488048447
0.6253632526	4.676488607358031e-06	0.00016139861303484323
0.4879826861	-0.000247904938933452	0.00016104765757052287
0.3506020885	0.0001512816944504447	0.0001610481847319483
0.2132214601	0.00014934590216775234	0.0001610481646829558
0.6938796295	0.00013332001169086283	0.00016088418163428557
0.5564990677	0.0002620032584624843	0.00016083655915483322
0.4191184971	4.8554675001866165e-05	0.000161060732030598
0.281737884	-0.0004078180196743775	0.00016099618729460067
0.1443572403	-0.0001393770227701152	0.00016101130110340723
0.6250154525	-8.822773521355298e-05	0.0001613882381469919
0.4876348865	-0.00015092395718108165	0.00016107852280552917
0.3502542889	0.0003456777288020074	0.00016103476064494084
0.21287366	7.164990417130035e-05	0.00016103023364685582
0.6935318299	2.993365169234874e-05	0.00016087249962516942
0.5561512792	0.0001168949999494906	0.00016082994601116467
0.4187706974	-0.0002982911930446974	0.00016102289064960531
0.2813900784	-0.00011361124315401039	0.0001610067396874946
0.1440094397	-4.3351656294987606e-05	0.00016103301365171617
0.6246676529	-6.059052980955659e-05	0.00016136495822296614
0.4872870864	4.482534721461651e-05	0.00016107826365593394
0.3499064893	3.832722113661369e-05	0.00016100091951053017
0.2125258604	0.000125542112548227	0.0001610350247474121
0.6931840302	0.0001450292543950793	0.00016088144619396882
0.5558034792	-7.594648541675575e-05	0.00016081902661821063
0.4184228978	0.00025032473857056203	0.0001610497078215271
0.2810422727	-0.0002545165728928822	0.00016099004355588092
0.1436616452	-9.95080771131196e-05	0.00016104569421187919
0.6243198537	-0.0001010026897507732	0.00016133388793044542
0.4869392868	0.000112731798903698	0.00016107510625009967
0.3495587003	8.728910577038285e-05	0.00016100060847080934
0.2121780603	-6.552898855194389e-05	0.0001610171759537242
0.6928362306	-0.00015890833815934702	0.00016085565547111123
0.55545568	0.00022895543602508006	0.00016084059137779283
0.4180750977	-0.00010820999897875883	0.00016100547625203773
0.2806944731	0.00011442618307766494	0.0001610160496246529
0.1433138517	1.968047569622655e-05	0.0001610505756111719
0.6239720536	-0.0002443759537920087	0.00016130320939664101
0.4865914867	-0.00016168742805033887	0.0001610331316991107
0.3492109012	0.00033113617541524754	0.0001610171558231305
0.2118302602	7.043373169424161e-05	0.00016103521621907036
0.6924884361	2.3548908936410484e-05	0.00016085984487643367
0.5551078799	8.929572824611931e-05	0.00016082529697606125
0.4177272981	-0.00046554915060925683	0.00016101931595992138
0.280346673	-3.1671150323431263e-06	0.0001609975581216701
0.1429660516	0.00010489522125634032	0.00016123970412082095
0.623624254	-0.00011418865607171202	0.00016130093188696922
0.4862436932	-0.00020935737439586877	0.00016103803181917407
0.3488631011	0.00031398136944815747	0.00016102223510237266
0.2114824662	0.0002780643196099719	0.0001610513311544843
0.692140643	-0.00010869809798064178	0.00016084760416758268
0.5547600803	4.941888306497777e-05	0.0001608180656216596
0.417379498	0.00016564792057138789	0.00016102761486265377
0.2799988789	7.656961706414833e-05	0.00016101343942991463
0.1426182515	-0.00014399744528670322	0.00016203077812704345
0.6232764539	-0.0004734860020193521	0.00016124757277667822
0.4858958987	-0.00013502805990750488	0.00016102409123485426
0.3485153015	0.00010403026659289161	0.000160989366584385
0.2111346722	0.0002690395109365973	0.00016115563659064672
0.6917928434	0.0002755756405764531	0.00016087410534237613
0.5544122807	0.00030823556731363055	0.00016083492570232726
0.4170316979	-0.00022894715750221284	0.0001609990509756012
0.2796510849	-9.335109391128693e-05	0.00016098999867926328
0.1422704514	-0.00022131473544428903	0.00016241071913365452
0.6229286543	-0.0004937113612495381	0.00016121962920010268
0.485548099	1.998031610461748e-05	0.00016104072546275155
0.3481675009	0.00044799643822435176	0.00016102358806024229
0.2107868725	5.871164885495883e-05	0.00016184736083354174
0.6914450433	0.0003257981421179723	0.00016087493287785277
0.5540644806	-0.00017646832157480752	0.00016079550958055086
0.4166838988	0.00014002253136680132	0.00016102734737723343
0.2793032848	-0.00021875034300999907	0.00016104272135467388
0.1419226518	-0.0002042593048509067	0.00016201025885887783
0.6225808547	-2.5696038758238338e-05	0.00016125747445974573
0.4852002999	-7.993465296607383e-05	0.00016104055906118292
0.3478197013	0.00010496822210814827	0.0001609953799988591
0.210439072	0.0002698417694952937	0.00016244712703288613
0.6910972437	0.0001358966874468459	0.00016085726909951815
0.553716681	8.183908807102291e-05	0.00016081479382625393
0.4163360987	-0.0002489862655719044	0.00016100425840711078
0.2789554847	-3.3431152574259215e-05	0.00016163948812769648
0.1415748517	-0.00013160480081031434	0.00016215869635397551
0.6222330602	-0.0002264903548656605	0.00016121328241354188
0.4848524993	2.569855782430519e-05	0.00016103415231441998
0.3474719017	0.00014194920074772632	0.00016101705585461228
0.2100912724	-3.1567994500658614e-06	0.00016197122795592295
0.6907494441	2.6022749944454304e-05	0.00016085275107410011
0.5533688813	0.0002508739289923678	0.00016083605458096489
0.4159882986	-1.0791682122368584e-06	0.00016102805869804026
0.2786076851	-0.00010582048553409162	0.00016231156064773397
0.1412270516	7.6212446273205e-05	0.00016210412730025637
0.6218852671	-0.00014191427448895233	0.00016120927259543705
0.4845046997	-6.350458816939408e-05	0.00016102506320126957
0.3471241016	8.848881343670456e-06	0.00016145831537180746
0.2097434723	6.999669730967106e-05	0.0001620962379560395
0.6904016444	4.467167248778381e-05	0.00016084658959733883
0.5530210817	0.0002309298878705457	0.00016082243684028657
0.4156405102	-3.99595133013797e-05	0.00016102686872380834
0.278259885	-0.00010440994160054728	0.00016187633489990862
0.140879252	-8.984834847480805e-05	0.00016131825541841868
0.621537467	-0.00019988451824914932	0.0001611960888615101
0.4841569001	6.291426637328179e-06	0.0001610299432521841
0.346776302	0.00022771314438085888	0.00016218049337979562
0.2093956722	4.906007000582413e-05	0.00016209499077067413
0.6900538448	7.596499606277174e-05	0.0001608402040768486
0.5526732816	7.431503625798808e-05	0.00016080539624403712
0.415292711	-0.00023310095657147478	0.0001613208736823217
0.2779120849	3.3450030388237906e-05	0.00016197976509517374
0.1405314514	-3.6853268371217496e-05	0.00016101451460538826
0.6211896674	-6.603594269694035e-05	0.00016121556118255575
0.4838091005	0.00016251307814152405	0.00016102425715657263
0.3464285019	1.0590829674805846e-05	0.00016176424642362348
0.2090478726	-0.00021262196833127245	0.00016131919421781898
0.6897060452	-7.297824601426584e-05	0.00016085809885487993
0.552325482	3.148121570495377e-05	0.00016079749101289602
0.4149449109	0.00029467619025835834	0.00016202328737940368
0.2775642853	-0.00041653664301477544	0.000161980684024805
0.1401836514	9.026600446537802e-05	0.0001609977965755796
0.4834613004	0.00012871947941317519	0.00016116854156455473
0.3460807023	-2.836979382481175e-05	0.00016185232295464575
0.2087000725	0.00021350680498621877	0.00016102748718521527
0.6893582456	-8.550664935857988e-05	0.00016082749269944374
0.551977694	-3.7985292026032624e-05	0.00016078238493989495
0.4145971108	-0.0001439826604093808	0.00016164364046551444
0.2772164852	7.837144901556847e-05	0.00016132174743777543
0.1398358517	-6.373815011617712e-05	0.00016099409348108572
0.6204940681	4.472309354852655e-06	0.000161171591083853
0.4831135008	-8.469817887601927e-06	0.0001616933513383708
0.2083522729	0.00014590122559798857	0.00016102930695031516
0.6890104455	0.0003429050865264571	0.000160895241019044
0.5516298939	-0.00022628055004436654	0.0001608196437940947
0.4142493112	-0.00019786313695158153	0.00016169736093102843
0.1394880516	-2.0450056793075433e-05	0.00016102507234463118
0.620146268	-0.00017449338175290485	0.00016113239981925572
0.4827657011	9.394209614022042e-05	0.00016144649337537136
0.2080044723	0.00012857067226357266	0.00016104012956097468
0.6886626463	3.0520170137826597e-05	0.00016087684752991497
0.5512820943	-0.00020686566102223747	0.00016116231289564902
0.4139015116	6.915862015866026e-05	0.00016175226375931257
0.1391402632	0.00013585367353341482	0.0001610399724178084
0.6197984684	-0.0001793688098508106	0.00016113493395915072
0.482417901	-8.855654846851024e-05	0.00016155293816370192
0.2076566727	0.0004647132310457991	0.0001610694168810328
0.6883148463	-6.238486160869972e-05	0.00016086418627056016
0.5509342942	-0.00015239879605422058	0.00016101631856514
0.4135537115	-1.2857208334771109e-05	0.00016116258062303022
0.1387924631	-5.919354292549528e-05	0.0001610149114755514
0.6194506688	-0.00016800986455678402	0.00016127914692559106
0.482070107	0.0001505406855581981	0.00016150992423824204
0.2073088731	6.0154222652375466e-05	0.00016101616168406917
0.6879670527	-0.00010225652814987995	0.00016083492130025573
0.5505864951	2.8549824787504896e-05	0.00016117363506494412
0.1384446635	0.00012237803966752558	0.00016099747719430462
0.6191028692	-1.4053479865383522e-05	0.0001612408987846287
0.481722313	-0.00015276779186679246	0.00016101578518179204
0.2069610846	0.00013239902441930518	0.00016101360117407948
0.6876192586	0.000360936783330601	0.00016086978516252637
0.5502386955	-0.0002950218354484946	0.00016100689234987948
0.1380968634	-6.929947213318854e-05	0.00016097515097403256
0.6187550691	9.836484287628622e-05	0.00016136086901169606
0.4813745134	0.00013331829394536143	0.0001609533281869833
0.2066132841	-0.00014977671350668853	0.00016099246773684586
0.687271453	-9.42129795480362e-05	0.00016083888841965437
0.5498908949	6.855150239803987e-05	0.00016077437893207469
0.1377490633	4.869890145775546e-05	0.00016098989173378742
0.6184072699	-0.00011216879202435859	0.00016114807711159208
0.4810267133	0.00011738743091938009	0.00016091698991211516
0.6869236482	0.000116683245853344	0.00016086184205262459
0.5495430958	-0.0002472725860764857	0.00016071951374522242
0.1374012628	5.861701139386888e-05	0.00016099146023888198
0.6180594699	-0.00010988016250523813	0.0001610813771872897
0.4806789136	0.0001238916346951724	0.00016090829235583854
0.6865758477	-7.128138814538332e-05	0.00016084399724888016
0.5491952957	2.627369020125059e-06	0.00016073571300092727
0.1370534631	-3.235795274192377e-05	0.0001609871002661155
0.6177116758	0.00025886147905929136	0.00016110666704542427
0.480331114	-0.0002190442017436789	0.0001608784805996037
0.6862280485	-0.0001334626928051197	0.00016083845104355036
0.548847496	-5.845395781689522e-05	0.00016073048066758116
0.1367056631	5.995943031034123e-05	0.00016099894619171095
0.6173638818	0.00012254657748878017	0.00016110280147425195
0.4799833139	6.481961633963973e-05	0.00016091097308696992
0.6858802484	-1.3125908510880357e-05	0.00016085459359363357
0.5484996964	7.15503757415803e-05	0.00016073722512322552
0.136357863	-0.0001899987469963227	0.00016099166887841986
0.6170160826	7.5095080266374126e-06	0.00016107913461537788
0.4796355143	0.0001458854757568906	0.00016090646595849978
0.6855324493	-0.00010369626866546522	0.00016088932178729936
0.5481518963	7.463380733696567e-05	0.00016070507469142015
0.6166682825	-1.8239142400400254e-05	0.00016106416739021553
0.4792877147	-3.246679669477448e-05	0.00016086377458511287
0.6851846497	-8.309342597101477e-05	0.00016090205747985493
0.5478040972	0.00019552543118961374	0.00016071056078056426
0.6163204829	-4.470613385598732e-05	0.00016105563122320466
0.4789399146	0.0001266291321705415	0.00016087195729568243
0.6848368496	-6.501710880790768e-07	0.00016089760023739924
0.5474563083	-0.00010253688427808161	0.00016067502296482206
0.6159726833	-9.68698439489657e-05	0.0001610597233099773
0.478592115	3.2352823812198395e-06	0.00016085212887127879
0.6844890504	-8.255991015704289e-05	0.00016088948536455242
0.5471085091	-8.076399015166658e-05	0.00016067399689242168
0.6156248837	-0.00017840506540245382	0.00016103613174306403
0.4782443149	0.0003141008134101009	0.00016088426035358193
0.6841412499	0.00014004422383817605	0.00016091308008711125
0.546760709	-0.0001448610502461367	0.00016067853668439138
0.6152770836	-4.764286412983765e-05	0.00016104408672020878
0.4778965153	0.0004075350003609479	0.00016093318371506254
0.6837934563	0.0002466392479200108	0.00016089641918141319
0.5464129094	-0.00039785821955573564	0.00016068113865571975
0.614929284	-0.00016596183892725325	0.00016087984962418823
0.6834456623	9.834240425887764e-06	0.0001608741306894053
0.5460651098	-0.00014513375137603646	0.00016074085061322792
0.6145814843	0.00017752126009484837	0.00016086922111526082
0.6830978631	-0.00010944900597764651	0.00016085889738782743
0.5457173097	-8.365166189838735e-05	0.00016074924716635475
0.6142336847	0.00034039926813267396	0.00016090311282279185
0.6827500635	-4.850350606067089e-05	0.00016086200599966553
0.5453695105	-0.00014861846196900785	0.00016074963675512605
0.6138858846	2.4315778744843364e-05	0.00016085289712550172
0.6824022634	6.035599104159406e-05	0.0001608598181076384
0.54502171	-0.00020159498931160424	0.00016075222017256828
0.6135380855	0.0002196237048968097	0.00016090080037451258
0.6820544642	0.0002380129330515901	0.00016083256542125219
0.5446739104	-0.00030776819273936606	0.0001607610328398279
0.132532075	9.546409999217076e-05	0.0001609828742080873
0.6131902914	-0.0001375661963505248	0.00016087917435139167
0.6817066642	8.535850437885184e-05	0.00016080898822802824
0.5443261112	-1.269383256519152e-05	0.000160787059136789
0.132184275	-0.00014251545536925203	0.00016095304932340726
0.6128424974	0.00028133013494691106	0.00016092744091209663
0.6813588645	-6.76412766914547e-05	0.00016079441020838198
0.5439783111	-0.00015510661853312957	0.00016077965877459266
0.1318364749	0.0001203304411916406	0.00016096608398760275
0.6124946973	-0.0001320866202229043	0.00016088692434388966
0.6810110649	5.994722714863787e-05	0.00016080415632557975
0.5436305115	0.00018292569509248402	0.000160805754014824
0.1314886748	-0.00022285104246144716	0.00016093453740683843
0.6121468982	-9.372594998469097e-05	0.0001608846383523005
0.6806632653	6.709288500938992e-05	0.000160811836359701
0.5432827114	-2.8683843621424288e-06	0.0001608038804438425
0.1311408747	8.626094827512976e-05	0.00016096192435659733
0.6117990986	2.6347265111192897e-05	0.00016089867523363534
0.6803154652	-7.628786052671366e-05	0.00016079611198194674
0.5429349234	0.0001710074386988003	0.00016081338032956783
0.1307930863	-3.466415834285641e-05	0.00016094496288310723
0.6114512985	-0.00014616094602903917	0.00016088170746994396
0.6799676656	-8.422894416049154e-06	0.0001607982777032774
0.5425871233	-4.1490518131181986e-05	0.00016079741095249622
0.1304452862	0.00012465164864006173	0.00016095474315674688
0.6111034988	-5.406218088566117e-05	0.00016089695015303443
0.6796198664	0.0001788214483836592	0.0001608042495569943
0.5422393237	-7.256538089528419e-05	0.0001608011521732393
0.1300974865	-0.00015877667790165084	0.00016092095057453125
0.6107556988	-1.792192064775655e-05	0.00016096497288803612
0.1986139086	0.00033633619168460527	0.00016096974845095582
0.6792720719	-0.0002483311199562577	0.0001607623245882932
0.5418915241	1.0508486198546052e-05	0.0001608162527905697
0.1297496865	-0.00010833546066124633	0.00016091893569516625
0.6104078991	-5.12618251737873e-05	0.00016097168389544075
0.1982661085	0.00019903957360278834	0.00016094891841515654
0.6789242784	-0.00018089576228619286	0.00016077509369961192
0.5415437245	-0.00012101956719490214	0.0001607851784318896
0.1294018868	1.4309005788026852e-05	0.0001609347786433523
0.6100600995	-0.00025054022900949935	0.000161034673597507
0.4726795414	0.0002620155490405951	0.0001609220967541015
0.1979183084	0.00022938902716940213	0.0001609816977025869
0.6785764787	0.0002869116391590598	0.00016082644853409055
0.5411959244	-4.556733645022515e-05	0.0001607968645911306
0.1290540863	-0.00015890288176212408	0.00016093137013699845
0.6097122999	0.00013216529488169204	0.00016100795100479595
0.1975705088	-6.867239205277098e-05	0.00016093636807445444
0.6782286791	0.00011307808340699221	0.00016080348421800431
0.5408481248	-0.00022260452382982798	0.00016077687739877647
0.1287062867	-0.0002236664686319223	0.0001609264522144308
0.6093645003	-4.639827738384117e-05	0.00016106331199889045
0.4719839422	0.0002499094955372705	0.0001609015180287067
0.1972227087	0.00023844490104785176	0.00016098934879602188
0.677880879	1.9923141231448227e-05	0.00016080763337565873
0.5405003252	-1.2570502305075948e-05	0.0001607662765447021
0.128358487	-0.00036025143574636154	0.00016092684858996271
0.6090167062	-0.0004944901007177815	0.0001610133784047103
0.4716361421	0.00034936691867903935	0.0001608753087870367
0.1968749086	0.0003779343466132623	0.00016099811988095822
0.6775330794	0.00010360207113513376	0.00016081556625417611
0.5401525251	-7.206672519488588e-05	0.0001607596852734413
0.128010686	-0.00012447148895777804	0.00016094657551561628
0.6086689122	-0.00010296453027369701	0.00016100922242656283
0.471288342	-0.00023061354278841595	0.0001608362164324134
0.1965271086	0.0001806570428618537	0.00016099057931588968
0.6771852802	-0.00011982690043210731	0.00016082498612665072
0.5398047254	7.55589229654019e-05	0.00016080385249898793
0.4024241515	0.00021612059494824365	0.00016104010985650631
0.1276628864	-0.00026585126217493205	0.0001609669687557295
0.6083211126	6.938324284677666e-05	0.00016100286422859555
0.4709405424	3.176756008838044e-05	0.00016089522643962463
0.1961793089	0.0002648513917888895	0.0001610262971484956
0.6768374802	-4.43264204063043e-05	0.00016083062337061917
0.5394569258	0.0002279429476649275	0.0001608338418877892
0.4020763515	-0.0001438302228462529	0.0001610146397403187
0.1273150863	-0.0003299412179403882	0.00016096115838902197
0.607973313	-0.00015600969609630422	0.00016101178367414505
0.4705927428	0.00010891947277014147	0.0001609171922530869
0.3332121298	0.00035558642180189004	0.00016097085830598968
0.1958315088	6.898474518401976e-05	0.00016097978186630058
0.6764896805	5.0107775519947495e-06	0.000160812434800627
0.5391091262	8.025193856087132e-05	0.00016084609793726927
0.4017285514	-0.00031239328345911144	0.0001610438705619341
0.264347923	-7.776904298650855e-06	0.00016093740216480885
0.1269672923	-0.0001687903054785611	0.00016095317225471963
0.6076255129	-0.00017966989602380412	0.00016101206059488044
0.4702449432	0.00015216945148111005	0.00016091839441311528
0.3328643297	3.84790918905864e-06	0.00016093213514870443
0.1954837088	0.00031103292904899327	0.00016098856468698818
0.6761418809	8.117910716021193e-05	0.0001608123315282977
0.5387613378	8.995016943957879e-05	0.00016084185546612865
0.4013807522	-0.00014853657328850467	0.0001610584573513412
0.2640001234	-1.4059962853751884e-05	0.00016093377969392017
0.1266194978	-2.7718793115805163e-05	0.0001609626049830417
0.6072777133	-0.00011382238321366867	0.00016100535159001956
0.4698971426	6.650817169961964e-05	0.000160898196699029
0.3325165296	-0.00018842168193600184	0.00016090732873121397
0.1951359091	0.0002217930862351558	0.0001609732802528556
0.6757940813	-9.777430440005563e-05	0.00016079787682180926
0.5384135377	9.355437732039285e-05	0.0001608445947797321
0.4010329521	0.00010646475892528429	0.0001610827978832449
0.2636523233	-0.00034184202745457526	0.00016091109054992562
0.1262716982	4.409003295235969e-06	0.00016097493730391562
0.6069299141	2.969688800147363e-05	0.00016101579855267486
0.4695493435	-2.8042988599152885e-05	0.0001608918013855493
0.332168736	-0.000322438700366523	0.00016090223670314635
0.1947881086	0.00048082044258024315	0.00016100470909000933
0.6754462812	8.310996153970684e-05	0.00016081417069570942
0.5380657385	0.00020232832043232118	0.00016085689119321953
0.400685152	5.7601783814531515e-05	0.00016108357925623745
0.2633045232	-0.0001573962041582222	0.00016092768969808282
0.1259238985	-0.00020201347587589513	0.0001609810107185533
0.6065821135	-9.439108972886245e-05	0.0001610052548087852
0.4692015438	-8.719061408879458e-05	0.00016088362986888896
0.331820942	-9.662339355032135e-05	0.00016092503328381098
0.1944403141	6.331134333015243e-05	0.00016098259766219347
0.6750984821	-9.904485270584296e-05	0.0001608117315145509
0.5377179384	0.0005561129562668965	0.00016090705943719338
0.4003373524	0.00018964705390545067	0.00016111790510612512
0.2629567236	-2.896799922313953e-05	0.00016095524012941148
0.125576098	-0.00028302101661825674	0.00016099515185011932
0.6062343144	-0.00016106294327833393	0.00016099804639554
0.4688537493	-0.0001316827325232861	0.0001608858861293907
0.3314731419	4.2441880974686264e-05	0.00016094036340636288
0.19409252	0.00016349485888611515	0.00016101019492050837
0.6747506876	-2.1830007866596723e-05	0.00016080982291557158
0.5373701388	-7.337586328082235e-05	0.00016084638302370254
0.3999895528	6.829307620859204e-05	0.00016110073809314296
0.2626089356	-2.106478043217841e-05	0.00016095825314291814
0.1252282979	-3.9237853377671605e-05	0.00016100452002200193
0.6058865143	2.394833533558849e-05	0.00016101565697013222
0.4685059558	0.00011601675731232053	0.00016090898739529487
0.3311253418	-4.656147041826042e-05	0.00016094443656927994
0.1937447204	9.12777118888819e-05	0.000161023873702943
0.674402894	0.0002800975056170829	0.0001608308213555622
0.5370223392	-9.567631946982846e-05	0.00016084712877374139
0.3996417527	0.00015942563433257728	0.00016111083912268546
0.2622611355	-5.8810910054329923e-05	0.0001609716696161866
0.1248804978	-0.0002913661332771822	0.00016098900047167326
0.6055387151	-0.00013433423669384492	0.00016099052437243945
0.4681581557	-0.00021525845335967908	0.0001608761038244316
0.3307775422	0.0001312866640972299	0.00016096848365685013
0.1933969203	3.4694325152795358e-06	0.00016101312615414827
0.6740550944	0.0002811430381783886	0.00016084927549893835
0.5366745391	2.249004411780664e-05	0.00016085135759559424
0.3992939531	1.5424849310052835e-05	0.00016108001859736708
0.2619133354	-0.00044746771626391624	0.00016098106234500794
0.6051909151	7.392774494108245e-05	0.00016100821130564166
0.4678103561	9.557843127872001e-05	0.0001609058665580342
0.3304297421	-1.6634194894615817e-05	0.00016098844216667433
0.1930491203	0.00010801833494999968	0.00016104177585562254
0.6737072947	0.0002356596103930686	0.0001608517400547967
0.5363267395	-5.711650600948026e-05	0.0001608521334690579
0.398946153	6.259004211695007e-06	0.0001610911052981087
0.2615655358	-0.00026321055188094356	0.00016099845728139966
0.6048431154	-0.0002703869904288059	0.0001609600057236533
0.4674625555	0.00012157974377702274	0.00016090235404367454
0.3300819425	0.00017001973505337276	0.00016102841072693132
0.1927013206	0.00013667537162032062	0.00016106083896753445
0.5359789398	0.0002121813830678887	0.000160866282316482
0.3985983529	-0.0002503684631802727	0.00016105168556866488
0.2612177357	-0.00013965925430692305	0.00016103864403083808
0.6044953214	4.0542550673206e-05	0.00016097172724555768
0.4671147563	0.00012833072683071656	0.0001609024619830114
0.3297341424	-0.00011698311470975664	0.00016100688350545984
0.1923535205	3.915931605957823e-05	0.00016106900198347077
0.5356311398	-0.00013663246156159214	0.0001608504208289058
0.3982505593	0.00025370480190078926	0.00016111362139146774
0.2608699356	-0.0001028582463906691	0.00016104919307238398
0.6041475274	-6.021089803764923e-05	0.00016097489029240586
0.4667669567	1.3025729693194599e-05	0.00016090582340424074
0.3293863428	-0.00016257348918036207	0.0001609969206385459
0.1920057205	5.5888165471973394e-05	0.00016108424984413285
0.6726638959	6.40111334890836e-05	0.00016084878184701115
0.5352833401	-4.2393802136997394e-05	0.00016088579575326286
0.3979027653	0.00014440722790809435	0.00016115053060660912
0.2605221355	0.00011669743898101714	0.00016105904627345432
0.6037997277	-0.0001735816879644414	0.0001609798893509609
0.4664191562	-0.00010627331026358267	0.00016091521330174432
0.3290385432	3.607445800202225e-05	0.00016101315385659744
0.1916579208	5.566643047050235e-05	0.00016113423937206962
0.6723160958	3.458083380758481e-05	0.0001608426106924892
0.5349355401	-7.245424045176918e-06	0.000160897295016893
0.3975549652	0.0002318950781785567	0.00016115098394089254
0.2601743359	-0.0002680993504758922	0.0001610382251813373
0.6034519277	-2.661678060422723e-05	0.00016099765785036917
0.466071357	0.0001936152014447856	0.00016093569317208366
0.3286907426	-0.00011252542155082423	0.00016101471295408614
0.1913101207	-0.00011344203307372958	0.00016122813501429786
0.6719682962	0.00024988499468059366	0.00016086881652454496
0.5345877465	-0.0002271168476593033	0.00016090067707218983
0.3972071535	0.0001926515799252071	0.0001611603382717135
0.2598265358	-0.0002217793692456116	0.00016110820859536562
0.6031041285	-0.000126226041168076	0.00016100868814281736
0.4657235569	0.00014142456692756156	0.00016094100668143798
0.328342943	-0.00016347355896917382	0.0001610368310902751
0.1909623207	0.0002816153799494181	0.000161207534803287
0.6716204961	0.00010052356690049002	0.0001608670311078011
0.5342399525	-3.657622921671155e-05	0.000160922745744339
0.3968593543	0.0002164579141998857	0.00016118644652622136
0.2594787357	-0.00010021161300721726	0.00016121622071627511
0.6027563284	-0.00032780441171997854	0.00016100017994870547
0.4653757573	0.0001538973110892794	0.0001609459006888553
0.3279951429	-0.00015003396857593554	0.00016108443684068402
0.1906145206	-5.385401065027828e-05	0.00016111878913618142
0.6712726969	0.00011410644499432188	0.00016087467226522057
0.5338921524	3.532909321957156e-05	0.00016093726014746864
0.3965115543	0.0002475816880550541	0.00016120389689885202
0.2591309361	-0.00015500222912923078	0.00016115728751471507
0.6024085288	5.677657334046682e-05	0.00016102597986737916
0.4650279577	4.2145346366151415e-05	0.0001609381772825139
0.3276473489	-6.199659735184326e-05	0.00016118590074091753
0.1902667265	-0.0002474893796358124	0.00016108469843059697
0.6709248978	7.990701906068765e-05	0.00016087916507209415
0.5335443532	0.00015859760542469292	0.00016095757275665616
0.3961637542	4.635330842905905e-05	0.0001612414497817259
0.258783136	-0.00017434520315340318	0.00016109988513970087
0.6020607292	-0.00017155733800722217	0.0001610137773980588
0.4646801576	-3.169073129238864e-05	0.0001609530923348183
0.3272995544	9.328444510092737e-05	0.00016115426890874265
0.1899189325	6.085442935788166e-06	0.0001610942372285874
0.6705771033	-0.00014555286894646358	0.00016087782684572088
0.5331965531	0.00012304887616032545	0.0001609738389469746
0.3958159545	0.000436295689205779	0.0001613745691398048
0.2584353476	-0.00017190550299206464	0.00016108999356881354
0.6017129296	-0.0004395680723841	0.00016099544561349092
0.4643323636	0.0003369535208750385	0.00016102893584044774
0.3269517552	0.00016944529148932297	0.00016110727479006577
0.1895711324	-4.106109247725698e-05	0.00016108095725964012
0.6702293092	-0.00012058356343269683	0.00016088248030628053
0.5328487535	-0.00015939742154191805	0.0001609667259652688
0.3954681545	0.0002335808007766227	0.00016129613583291282
0.2580875475	-0.0002209833177962972	0.00016107044217258446
0.6013651295	-0.00019188089135191433	0.00016102529499608404
0.4639845695	0.00023062579833554864	0.00016108495553791757
0.3266039556	-0.00022130009563925412	0.00016106016883847134
0.1892233328	0.00021922698302923038	0.0001610955164139966
0.6698815096	0.0003801317549281258	0.0001609292763276325
0.5325009534	-3.689668551909442e-05	0.00016103649318883944
0.3951203548	-9.30691508468362e-05	0.00016123532495320548
0.2577397479	-0.00022342560252930355	0.00016105917050635726
0.6010173303	-0.0002091235409811265	0.0001610417433205229
0.4636367699	8.461748094745758e-05	0.00016103675067649322
0.326256155	0.0001275330127721297	0.00016108720449991488
0.1888755327	0.0002471221435318416	0.00016109751933310388
0.6695337105	8.395354188583948e-05	0.0001609085814893476
0.5321531538	-0.0002505859927594001	0.00016105831009390468
0.3947725547	0.00019278767017338883	0.00016123919858763536
0.2573919478	-0.00025387719665392883	0.00016105336857340487
0.6006695302	8.703529513365282e-05	0.00016109200765177146
0.4632889698	0.0004213707410513079	0.0001610135176668008
0.3259083554	-0.00026561676329073247	0.00016103684117060646
0.1885277331	-0.00016840784488136862	0.00016107420592759847
0.6691859099	0.0003122516482283455	0.00016092840572565654
0.5318053542	-6.266943449495521e-05	0.00016102419171599948
0.3944247551	-8.262428277150402e-05	0.0001612054922155633
0.2570441477	-0.00016762595808783587	0.0001610465328209031
0.6003217362	-0.00016233788353614553	0.00016107719543854374
0.4629411702	-3.4468267575693545e-05	0.00016096131373739548
0.3255605553	1.7352797039515977e-05	0.00016105572010078278
0.1881799325	8.614069970458438e-05	0.00016108930205918005
0.6688381108	-6.91978537398219e-05	0.0001609084783933585
0.5314575541	-0.00011438485644876817	0.00016100183713899913
0.394076955	0.00037628315108062527	0.00016123927113887685
0.2566963481	-8.574601849697938e-05	0.000161067807053838
0.5999739422	-0.00028985964398087205	0.00016103850290927215
0.4625933701	-0.00021237569221377317	0.00016093590995899625
0.3252127557	3.0779443880413204e-05	0.00016104800541018807
0.1878321329	0.0002756744367105046	0.0001613101608072115
0.6684903107	-0.00020374844647175205	0.00016090252071047838
0.5311097545	0.0005583622535294541	0.00016104968618094374
0.3937291605	-0.00017557145831215148	0.0001612024372359354
0.256348548	1.5568598251913812e-05	0.00016108448384460417
0.5996261425	-0.0001654233059358301	0.00016103336079931327
0.4622455705	1.325404058227786e-05	0.00016094479750470387
0.3248649556	-0.00017469001512171456	0.00016104563311480308
0.1874843333	0.00026324460218973833	0.00016226147249040888
0.668142511	-4.146136027416425e-05	0.00016090891844937113
0.5307619548	0.00018223579807741253	0.0001610198212568718
0.3933813674	4.49126461185001e-05	0.0001612093141714923
0.2560007479	-0.0001775436269980668	0.00016121237885079976
0.5992783429	-0.00017187007650354413	0.00016102469357533487
0.4618977709	0.00022895202891226596	0.00016095929309972465
0.3245171555	1.8060695564203755e-05	0.00016106690191793554
0.1871365327	-0.0001046083271832865	0.00016431904902149377
0.6677947114	-4.5106799726468694e-05	0.00016091360958062198
0.5304141548	-0.00011132800551572064	0.00016099148438536342
0.3930335674	0.00016043114828612204	0.00016123218585778213
0.2556529483	-0.00016645588307562242	0.00016205103759462676
0.5989305428	0.00029491952526095044	0.00016107911970185843
0.4615499713	-0.00015536445716302083	0.00016093220573214998
0.3241693564	2.5178933149350158e-05	0.000161179556991188
0.1867887327	0.0001829579786465363	0.00016393575680627976
0.6674469118	8.296092443682568e-05	0.00016093600655622622
0.5300663668	-0.00016375519484013168	0.00016099936555061215
0.3926857673	9.789794196535251e-05	0.00016123334888347654
0.2553051482	-0.00043928543744109483	0.0001640533425193182
0.5985827437	-0.00012671202644143342	0.00016104807112786432
0.4612021712	-0.00025528389985252087	0.00016093252806671462
0.3238215563	0.0004507260015194081	0.00016196000379751314
0.1864409326	0.000334905396721874	0.00016411970643505567
0.6670991126	-0.0002027502887496091	0.00016091748072099164
0.5297185672	-8.859235921943043e-05	0.000161002189734776
0.3923379672	-3.9255797073534104e-05	0.00016130115910659946
0.2549573481	0.0001607560297172128	0.00016387822064788433
0.5982349436	5.334265875511779e-05	0.00016106109393099785
0.4608543711	0.00019130787350574163	0.0001609711324703082
0.3234737618	-3.617513492071289e-05	0.00016378858662189445
0.1860931329	3.9436668947345765e-05	0.00016432165387500318
0.6667513121	-0.00027040453545967846	0.00016092093247862082
0.5293707675	-0.00023941717452446998	0.00016100094685299774
0.3919901676	-5.406020358078578e-05	0.00016195141215859588
0.2546095485	0.00022020847999204562	0.0001639692717456641
0.597887144	-0.00012061321225120825	0.00016104044155605636
0.4605065715	-0.00013590008351771488	0.00016098396637269637
0.3231259678	0.0003008572353282446	0.0001637573426059479
0.185745344	0.00023889965095369448	0.0001634293878433473
0.6664035129	-1.0073618436079457e-05	0.00016093965004306896
0.5290229674	-0.00012706004613127764	0.00016101743764954804
0.3916423684	1.3207017357297346e-05	0.00016368738701302716
0.2542617545	7.24206357944901e-05	0.00016421513652474032
0.5975393439	-0.0004125882746547349	0.0001610253156089997
0.4601587718	0.00014186858302367433	0.00016158920373222194
0.3227781681	-9.855234461175755e-06	0.00016376356261879504
0.1853975444	-1.8479742587507175e-05	0.0001617566004105742
0.6660557189	9.982107087669334e-05	0.00016095200513238962
0.5286751678	-0.0002551762737802443	0.00016105019390205724
0.3912945678	0.0001019115279733418	0.00016370224056460778
0.2539139604	7.827572960028562e-05	0.0001634225370616182
0.5971915447	-0.00018192154997520582	0.00016107922480154306
0.4598109773	0.0005392925460833142	0.0001632391454958105
0.322430368	0.00016979832208185996	0.00016406020380431614
0.1850497448	3.806275285689331e-05	0.00016118962967703453
0.6657079253	-3.53431230071255e-05	0.00016095472008765378
0.5283273677	-0.00029475638965581474	0.0001615804628682482
0.3909467682	0.0003385763938436037	0.00016372132705489657
0.2535661603	-0.00039353572106426427	0.0001617347543386463
0.5968437446	-0.0001950569976624239	0.00016105935262549393
0.4594631838	0.000368435436599035	0.00016314810901651137
0.322082568	1.7400466990613594e-05	0.00016328575935759977
0.1847019447	-0.00020096971544159015	0.0001610694294787156
0.6653601252	-0.0002561558488620719	0.00016093206808084413
0.5279795686	0.0006470030555738582	0.00016310578786218034
0.3905989681	0.00014808852909797832	0.00016398159894659073
0.2532183602	-0.0004930324987332257	0.0001611143649689281
0.596495945	-0.00017639577368022685	0.00016155499186488293
0.4591153841	0.00025256485812297225	0.00016316209670205382
0.3217347683	0.00021250147451401524	0.00016170410362406927
0.1843541446	-0.00017276933655474558	0.00016107162432759216
0.6650123256	-8.328038413640826e-05	0.0001609596271939483
0.5276317685	8.873126378772245e-05	0.00016290637758755483
0.390251168	0.00023386301846173296	0.00016323288301249092
0.2528705606	-0.0004363632591982691	0.00016104518013806076
0.5961481454	0.0001983200337262181	0.00016283503449136653
0.4587675841	0.000354773498704386	0.00016345072611206096
0.3213869687	-8.185330738808005e-05	0.00016111784932257707
0.1840063445	-0.0003409627992220221	0.00016105894016672296
0.664664526	0.00017356767184484312	0.00016143819612006913
0.5272839689	0.0004063610602957901	0.00016301397418564173
0.3899033689	-0.0003213411387837928	0.00016172659986708946
0.2525227605	-0.0004984252911955922	0.00016104384355790006
0.5958003518	0.0004978086819932281	0.0001626522609916082
0.458419784	-4.352983372790664e-05	0.00016254423928737925
0.3210391686	-0.00027634142346100177	0.00016104897044099805
0.1836585449	-5.261896903041574e-05	0.0001610875620906161
0.6643167259	0.0005252401616455682	0.0001624790888387012
0.5269361692	0.0006440681126494985	0.0001633313136765366
0.3895555688	-0.0003616163307255116	0.00016126579520682913
0.2521749604	-0.000632952800477149	0.00016103833240801896
0.5954525573	0.00034630957188275246	0.00016279205704326202
0.4580719844	-3.116504686895283e-05	0.00016127780669442294
0.320691369	4.110882894092782e-05	0.0001610744247145724
0.1833107448	-0.00038503309928161755	0.0001610620237795263
0.6639689263	0.0005247875729903484	0.00016221704136314992
0.5265883687	-0.0001092245329260555	0.00016219709633425946
0.3892077748	-0.0001446751273588287	0.00016125035449110657
0.2518271608	-0.0002718473360749929	0.00016106358343340283
0.5951047572	0.0007101077464033434	0.00016295321133625792
0.4577241847	-8.84206117177655e-05	0.00016094373605490825
0.3203435689	-8.554545247796419e-05	0.00016106161308841944
0.1829629447	-0.0004696378963049419	0.0001610491265662238
0.6636211271	0.0006155177675435386	0.0001624741879214058
0.5262405695	0.0001026018776082438	0.00016123356983960044
0.3888599803	-0.0003822387532101956	0.00016121781189932345
0.2514793607	-0.0005102658574529517	0.00016104416643813443
0.5947569581	0.00039738352578466696	0.0001617325268889013
0.4573763846	0.00018289419695594056	0.00016096062657415416
0.3199957688	-0.00014666960516196426	0.0001610533482202296
0.1826151451	-0.00034487346688372167	0.00016105271100448043
0.6632733275	0.0005822405423971944	0.00016229392565826617
0.3885121807	2.9685110977895057e-05	0.00016119686985660087
0.2511315607	-0.00028481788496692584	0.00016104990673970076
0.594409158	-5.9409798056409e-05	0.00016105552210850436
0.457028585	-2.0439584578535452e-05	0.00016093122715618176
0.3196479687	-2.2110058803925803e-05	0.00016104940906553082
0.182267345	-0.00014009403432679868	0.00016105850642535608
0.6629255274	0.0003320622369221704	0.0001612249949449239
0.5255449815	-0.00017299164448514315	0.00016102946289264368
0.388164381	-2.1411125500581107e-05	0.00016123332004623435
0.250783761	-0.0001330360009523801	0.0001610482767439479
0.5940613584	-0.00023587294305593698	0.0001609903577833141
0.4566807854	9.876371799455441e-05	0.00016090797034347247
0.3193001691	8.58465342926662e-05	0.0001610533257168013
0.1819195505	3.89041396259282e-05	0.00016106783087275103
0.6625777278	0.00010925921088045243	0.00016095788224824872
0.5251971819	0.00012491823554605652	0.00016103994783596523
0.3878165809	-0.00045289427501404855	0.00016119376109383627
0.2504359609	5.474011453843186e-05	0.00016107040725866343
0.5937135587	0.00022644098196966667	0.00016100133333896507
0.4563329853	-0.00016236805297675794	0.00016086430755906102
0.1815717509	-5.725610604678799e-05	0.00016108366640504165
0.6622299282	0.0003180479663351665	0.00016097484502691116
0.5248493818	-1.98946351657181e-05	0.00016103573186560473
0.3874687813	5.7463901585674826e-05	0.0001612538463734554
0.2500881609	-0.0003496738713761882	0.0001610499855158997
0.5933657591	-0.00015026140874818683	0.00016101137195790333
0.4559851857	0.0003086251474978541	0.00016092879838426326
0.3186045806	0.00017746948685215536	0.00016107542462136246
0.1812239569	4.339230497363289e-06	0.00016107677503101605
0.6618821286	3.721602412953828e-05	0.00016094744004816066
0.5245015826	-0.0001580301718778765	0.00016103205371967207
0.3871209812	-0.00010354777445331642	0.00016124046281399678
0.2497403724	-0.00016925018002833525	0.0001610544708744028
0.593017959	0.0001276628876569763	0.0001610257758620079
0.4556373912	2.2908078754713124e-05	0.00016090000326396175
0.3182567814	0.00013674566451482573	0.00016106437898270333
0.1808761568	-7.691300467327356e-05	0.0001610632514747504
0.6615343341	9.589234470142038e-05	0.00016095049738282116
0.5241537821	-0.00012385960275773655	0.0001610391881310433
0.3867731816	-9.430623761541579e-05	0.00016125055812985648
0.2493925728	-0.00011770420158585537	0.00016106052100579193
0.5926701599	5.546140692946899e-05	0.00016102811252991777
0.455289592	3.574256666405429e-05	0.00016090930209564861
0.3179089813	0.00029320638211660643	0.00016108397591184235
0.1805283567	-0.0001746096966684929	0.0001610624616880093
0.661186541	0.00018095585661370706	0.0001609631556508121
0.5238059824	-2.86617496254582e-05	0.00016105534183710266
0.3864253815	2.820054214036638e-05	0.00016127527720908224
0.2490447727	-5.427088768661381e-05	0.00016107003382978652
0.5923223598	-9.523843311298741e-05	0.00016100184799056684
0.4549417919	-0.00022940453364617142	0.00016088204558065288
0.3175611813	5.391175613456145e-05	0.00016106068004229502
0.1801805571	0.00015002308739830994	0.00016108357412569522
0.6608387409	0.0003486341215072075	0.0001609754577590805
0.5234581833	-1.2655164823072163e-05	0.0001610589237366774
0.3860775819	-0.0003033513464177906	0.0001612560697187686
0.2486969726	-0.0002937612264616307	0.0001610528811521109
0.5919745602	2.718912411969754e-05	0.0001610310117534297
0.4545939863	0.00015683205503658204	0.00016092787497686256
0.3172133812	0.0001875374815119013	0.00016108935746242785
0.1798327565	-0.00013428343229415773	0.0001610813971308193
